Samples	SBS96A	SBS96B	SBS96C	SBS96D	SBS96E
TCGA-05-4244-01A-01D-1105-08	162	10	6	26	16
TCGA-05-4250-01A-01D-1105-08	257	13	6	39	65
TCGA-05-4382-01A-01D-1931-08	1495	14	20	43	219
TCGA-05-4384-01A-01D-1753-08	87	0	0	30	19
TCGA-05-4389-01A-01D-1265-08	84	23	12	27	93
TCGA-05-4390-01A-02D-1753-08	505	9	2	36	19
TCGA-05-4395-01A-01D-1265-08	129	12	14	12	114
TCGA-05-4396-01A-21D-1855-08	181	16	9	14	30
TCGA-05-4397-01A-01D-1265-08	576	15	40	36	208
TCGA-05-4398-01A-01D-1265-08	546	27	30	19	118
TCGA-05-4402-01A-01D-1265-08	4	6	7	9	98
TCGA-05-4403-01A-01D-1265-08	65	30	12	15	15
TCGA-05-4405-01A-21D-1855-08	296	7	10	43	31
TCGA-05-4410-01A-21D-1855-08	891	14	13	43	168
TCGA-05-4415-01A-22D-1855-08	178	0	0	30	0
TCGA-05-4417-01A-22D-1855-08	262	7	17	20	10
TCGA-05-4418-01A-01D-1265-08	215	0	0	43	32
TCGA-05-4420-01A-01D-1265-08	234	1	15	24	26
TCGA-05-4422-01A-01D-1265-08	15	5	8	0	17
TCGA-05-4424-01A-22D-1855-08	563	4	14	36	95
TCGA-05-4425-01A-01D-1753-08	0	23	0	11	6
TCGA-05-4426-01A-01D-1265-08	18	15	0	0	12
TCGA-05-4427-01A-21D-1855-08	861	25	29	30	99
TCGA-05-4430-01A-02D-1265-08	222	7	2	20	22
TCGA-05-4432-01A-01D-1265-08	477	25	5	47	48
TCGA-05-4433-01A-22D-1855-08	0	25	0	13	0
TCGA-05-4434-01A-01D-1265-08	12	6	0	12	14
TCGA-05-5420-01A-01D-1625-08	62	15	0	0	11
TCGA-05-5423-01A-01D-1625-08	115	19	0	0	21
TCGA-05-5425-01A-02D-1625-08	478	2	43	26	38
TCGA-05-5428-01A-01D-1625-08	233	13	1	14	139
TCGA-05-5429-01A-01D-1625-08	2	17	5	2	8
TCGA-05-5715-01A-01D-1625-08	3	15	4	11	89
TCGA-17-Z000-01A-01W-0746-08	55	11	4	11	41
TCGA-17-Z001-01A-01W-0746-08	146	3	8	27	20
TCGA-17-Z002-01A-01W-0746-08	0	0	0	2	4
TCGA-17-Z003-01A-01W-0746-08	148	0	0	58	42
TCGA-17-Z004-01A-01W-0746-08	0	0	0	15	6
TCGA-17-Z007-01A-01W-0746-08	19	32	6	1	8
TCGA-17-Z009-01A-01W-0746-08	39	0	0	0	0
TCGA-17-Z011-01A-01W-0746-08	77	10	7	2	15
TCGA-17-Z013-01A-01W-0746-08	47	10	0	0	0
TCGA-17-Z015-01A-01W-0746-08	382	73	16	19	26
TCGA-17-Z017-01A-01W-0746-08	189	0	0	19	22
TCGA-17-Z018-01A-01W-0746-08	245	0	18	0	0
TCGA-17-Z019-01A-01W-0746-08	1	0	0	0	0
TCGA-17-Z020-01A-01W-0746-08	58	0	13	15	36
TCGA-17-Z021-01A-01W-0746-08	122	0	11	0	0
TCGA-17-Z022-01A-01W-0746-08	943	10	17	56	282
TCGA-17-Z023-01A-01W-0746-08	296	2	2	33	77
TCGA-17-Z025-01A-01W-0746-08	235	0	18	0	0
TCGA-17-Z026-01A-01W-0746-08	407	3	11	11	588
TCGA-17-Z027-01A-01W-0746-08	51	10	0	24	12
TCGA-17-Z028-01A-01W-0746-08	335	0	23	58	74
TCGA-17-Z030-01A-01W-0746-08	501	8	4	20	36
TCGA-17-Z031-01A-01W-0746-08	2066	0	0	220	126
TCGA-17-Z032-01A-01W-0746-08	44	9	0	23	34
TCGA-17-Z033-01A-01W-0746-08	112	1	6	1	49
TCGA-17-Z036-01A-01W-0746-08	50	9	0	0	18
TCGA-17-Z037-01A-01W-0746-08	23	89	3	5	21
TCGA-17-Z041-01A-01W-0746-08	19	8	1	8	13
TCGA-17-Z042-01A-01W-0746-08	416	6	9	36	32
TCGA-17-Z043-01A-01W-0746-08	133	2	4	32	42
TCGA-17-Z044-01A-01W-0746-08	87	0	0	18	21
TCGA-17-Z045-01A-01W-0746-08	659	0	0	0	57
TCGA-17-Z047-01A-01W-0747-08	7	9	0	0	7
TCGA-17-Z048-01A-01W-0746-08	2	8	4	7	8
TCGA-17-Z049-01A-01W-0746-08	419	1	8	26	55
TCGA-17-Z050-01A-01W-0747-08	83	10	1	40	39
TCGA-17-Z051-01A-01W-0747-08	93	5	1	19	19
TCGA-17-Z052-01A-01W-0747-08	96	0	0	22	0
TCGA-17-Z053-01A-01W-0747-08	164	16	1	29	45
TCGA-17-Z054-01A-01W-0747-08	0	1	0	2	1
TCGA-17-Z055-01A-01W-0747-08	524	0	0	69	42
TCGA-17-Z056-01A-01W-0747-08	328	5	4	19	123
TCGA-17-Z057-01A-01W-0747-08	109	14	21	23	247
TCGA-17-Z058-01A-01W-0747-08	48	4	3	15	8
TCGA-17-Z059-01A-01W-0747-08	108	8	1	2	40
TCGA-17-Z061-01A-01W-0747-08	116	0	0	29	37
TCGA-17-Z062-01A-01W-0747-08	385	5	17	6	30
TCGA-35-4122-01A-01D-1105-08	180	3	22	50	75
TCGA-35-4123-01A-01D-1105-08	271	16	0	0	17
TCGA-35-5375-01A-01D-1625-08	301	17	1	55	66
TCGA-38-4625-01A-01D-1553-08	481	0	0	0	130
TCGA-38-4626-01A-01D-1553-08	207	0	0	0	11
TCGA-38-4627-01A-01D-1553-08	0	12	10	0	6
TCGA-38-4628-01A-01D-1265-08	54	22	19	3	28
TCGA-38-4629-01A-02D-1265-08	190	21	9	17	48
TCGA-38-4630-01A-01D-1265-08	19	23	16	0	67
TCGA-38-4632-01A-01D-1753-08	422	7	15	24	58
TCGA-38-6178-01A-11D-1753-08	30	13	0	0	11
TCGA-38-7271-01A-11D-2036-08	31	0	0	0	23
TCGA-44-2655-01A-01D-1553-08	166	0	10	0	12
TCGA-44-2655-01A-01W-0928-08	162	0	0	17	16
TCGA-44-2656-01A-02D-0969-08	796	8	49	35	27
TCGA-44-2656-01A-02D-A271-08	734	1	54	31	13
TCGA-44-2656-01A-02W-0928-08	757	0	52	0	0
TCGA-44-2656-01A-12D-A27T-08	762	7	52	31	21
TCGA-44-2656-01A-41D-A27T-08	777	2	51	44	20
TCGA-44-2656-01B-06D-A271-08	675	0	50	0	32
TCGA-44-2657-01A-01D-1105-08	355	17	0	0	47
TCGA-44-2661-01A-01D-1105-08	11	6	3	12	11
TCGA-44-2662-01A-01D-0969-08	36	1	8	6	175
TCGA-44-2662-01A-01D-A271-08	53	0	0	0	164
TCGA-44-2662-01A-01W-0928-08	46	0	0	0	161
TCGA-44-2662-01B-02D-A271-08	29	1	6	7	147
TCGA-44-2665-01A-01D-1040-01	0	13	5	11	18
TCGA-44-2665-01A-01D-A271-08	3	15	1	8	21
TCGA-44-2665-01A-01W-0928-08	0	8	0	20	24
TCGA-44-2665-01B-06D-A271-08	2	10	1	15	24
TCGA-44-2666-01A-01D-1489-08	4	5	1	14	6
TCGA-44-2666-01A-01D-A271-08	0	7	0	13	7
TCGA-44-2666-01A-01W-0928-08	3	9	3	10	7
TCGA-44-2666-01A-21D-A27T-08	7	9	0	12	6
TCGA-44-2666-01A-41D-A27T-08	4	5	4	13	8
TCGA-44-2666-01B-02D-A271-08	6	8	1	5	5
TCGA-44-2668-01A-01D-0969-08	277	6	11	16	92
TCGA-44-2668-01A-01D-A271-08	254	2	18	8	81
TCGA-44-2668-01A-01W-0928-08	287	0	21	0	89
TCGA-44-2668-01B-02D-A271-08	185	0	0	0	51
TCGA-44-3396-01A-01D-1553-08	64	28	0	0	101
TCGA-44-3398-01A-01D-1105-08	92	2	4	35	58
TCGA-44-3917-01B-02D-A271-08	170	13	15	3	38
TCGA-44-3918-01B-02D-A271-08	812	0	31	0	84
TCGA-44-3919-01A-02D-1105-08	0	0	5	20	8
TCGA-44-3919-01A-02D-1458-08	7	1	3	15	12
TCGA-44-4112-01A-01D-1105-08	349	5	14	27	35
TCGA-44-4112-01A-01D-1458-08	368	3	11	34	34
TCGA-44-4112-01A-22D-A27T-08	368	9	19	34	35
TCGA-44-4112-01A-31D-A27T-08	343	15	14	32	97
TCGA-44-4112-01B-06D-A271-08	287	4	6	20	32
TCGA-44-5643-01A-01D-1625-08	59	27	13	0	39
TCGA-44-5644-01A-21D-2036-08	830	40	12	36	78
TCGA-44-5645-01A-01D-1625-08	18	18	0	0	0
TCGA-44-5645-01A-01D-A271-08	20	16	0	0	0
TCGA-44-5645-01A-21D-A27T-08	21	19	0	0	0
TCGA-44-5645-01A-51D-A27T-08	19	19	0	0	0
TCGA-44-5645-01B-04D-A271-08	18	19	0	0	0
TCGA-44-6144-01A-11D-1753-08	164	11	3	22	36
TCGA-44-6145-01A-11D-1753-08	295	4	2	13	11
TCGA-44-6147-01A-11D-1753-08	146	10	1	3	27
TCGA-44-6147-01A-11D-A271-08	153	11	0	0	35
TCGA-44-6147-01A-21D-A27T-08	159	33	0	0	34
TCGA-44-6147-01A-31D-A27T-08	110	0	0	0	13
TCGA-44-6147-01B-06D-A271-08	123	11	0	0	17
TCGA-44-6774-01A-21D-1855-08	307	0	0	0	0
TCGA-44-6775-01A-11D-1855-08	26	2	6	18	8
TCGA-44-6775-01A-11D-A271-08	22	6	0	17	14
TCGA-44-6775-01A-21D-A27T-08	25	3	6	15	9
TCGA-44-6775-01A-31D-A27T-08	29	3	3	19	12
TCGA-44-6775-01C-02D-A271-08	22	5	1	19	8
TCGA-44-6776-01A-11D-1855-08	161	4	1	20	14
TCGA-44-6777-01A-11D-1855-08	216	11	21	37	87
TCGA-44-6778-01A-11D-1855-08	325	8	14	30	28
TCGA-44-6779-01A-11D-1855-08	58	30	0	0	13
TCGA-44-7659-01A-11D-2063-08	108	0	0	25	19
TCGA-44-7660-01A-11D-2063-08	243	9	5	46	58
TCGA-44-7661-01A-11D-2063-08	186	9	3	11	52
TCGA-44-7662-01A-11D-2063-08	450	6	9	28	91
TCGA-44-7667-01A-31D-2063-08	405	39	0	0	40
TCGA-44-7670-01A-11D-2063-08	912	0	48	0	176
TCGA-44-7671-01A-11D-2063-08	171	10	8	32	19
TCGA-44-7672-01A-11D-2063-08	135	5	11	1	10
TCGA-44-8117-01A-11D-2238-08	688	17	4	53	50
TCGA-44-8119-01A-11D-2238-08	510	30	20	63	43
TCGA-44-8120-01A-11D-2238-08	543	0	0	54	48
TCGA-44-A479-01A-31D-A24D-08	229	0	0	39	27
TCGA-44-A47A-01A-21D-A24D-08	94	21	4	8	89
TCGA-44-A47B-01A-11D-A24D-08	19	16	0	9	0
TCGA-44-A47G-01A-21D-A24D-08	31	8	5	0	25
TCGA-44-A4SS-01A-11D-A24P-08	358	13	1	42	77
TCGA-44-A4SU-01A-11D-A24P-08	97	12	2	26	13
TCGA-49-4487-01A-21D-1855-08	275	0	0	0	77
TCGA-49-4488-01A-01D-1753-08	245	0	0	18	36
TCGA-49-4490-01A-21D-1855-08	0	7	0	16	17
TCGA-49-4494-01A-01D-1265-08	168	13	1	2	16
TCGA-49-4501-01A-01D-1265-08	6	15	1	9	15
TCGA-49-4505-01A-01D-1931-08	165	25	6	2	24
TCGA-49-4506-01A-01D-1265-08	82	0	0	23	11
TCGA-49-4510-01A-01D-1265-08	25	0	5	9	8
TCGA-49-4512-01A-21D-1855-08	14	13	0	0	9
TCGA-49-4514-01A-21D-1855-08	169	14	26	8	123
TCGA-49-6743-01A-11D-1855-08	424	23	7	39	282
TCGA-49-6744-01A-11D-1855-08	199	0	0	0	14
TCGA-49-6745-01A-11D-1855-08	0	19	0	20	90
TCGA-49-6761-01A-31D-1945-08	65	0	0	28	94
TCGA-49-AAQV-01A-11D-A397-08	0	0	0	17	44
TCGA-49-AAR0-01A-21D-A397-08	77	13	8	11	27
TCGA-49-AAR4-01A-12D-A410-08	427	0	19	0	127
TCGA-49-AAR9-01A-21D-A410-08	631	29	0	0	25
TCGA-49-AARE-01A-11D-A410-08	1059	3	28	81	109
TCGA-49-AARN-01A-21D-A410-08	473	0	59	0	260
TCGA-49-AARO-01A-12D-A410-08	572	0	22	0	32
TCGA-49-AARQ-01A-11D-A410-08	622	11	12	9	103
TCGA-49-AARR-01A-11D-A410-08	1	0	0	0	0
TCGA-4B-A93V-01A-11D-A397-08	105	5	7	10	16
TCGA-4N-A93T-01A-11D-A36X-10	29	51	14	1	5
TCGA-50-5044-01A-21D-1855-08	0	0	0	0	130
TCGA-50-5045-01A-01D-1625-08	268	0	0	0	18
TCGA-50-5049-01A-01D-1625-08	690	0	0	63	39
TCGA-50-5051-01A-21D-1855-08	93	13	0	0	10
TCGA-50-5055-01A-01D-1625-08	0	3	0	7	0
TCGA-50-5066-01A-01D-1625-08	233	0	0	0	39
TCGA-50-5066-02A-11D-2107-08	294	9	19	18	46
TCGA-50-5068-01A-01D-1625-08	48	16	8	8	11
TCGA-50-5072-01A-21D-1855-08	114	9	4	10	29
TCGA-50-5930-01A-11D-1753-08	1084	0	0	83	0
TCGA-50-5931-01A-11D-1753-08	240	1	9	38	34
TCGA-50-5932-01A-11D-1753-08	74	4	0	0	0
TCGA-50-5933-01A-11D-1753-08	376	29	29	23	57
TCGA-50-5935-01A-11D-1753-08	0	0	0	21	73
TCGA-50-5939-01A-11D-1625-08	15	9	0	18	31
TCGA-50-5941-01A-11D-1753-08	310	0	0	28	42
TCGA-50-5942-01A-21D-1753-08	45	4	0	0	7
TCGA-50-5946-01A-11D-1753-08	453	25	2	43	172
TCGA-50-5946-02A-11D-2107-08	473	26	1	45	195
TCGA-50-6590-01A-12D-1855-08	644	0	0	49	210
TCGA-50-6591-01A-11D-1753-08	20	9	10	0	11
TCGA-50-6592-01A-11D-1753-08	172	16	13	17	82
TCGA-50-6593-01A-11D-1753-08	261	0	0	34	28
TCGA-50-6594-01A-11D-1753-08	458	0	26	0	63
TCGA-50-6595-01A-12D-1855-08	23	2	4	14	37
TCGA-50-6597-01A-11D-1855-08	3	12	6	3	30
TCGA-50-6673-01A-11D-1945-08	0	15	0	21	15
TCGA-50-7109-01A-11D-2036-08	195	14	4	25	13
TCGA-50-8457-01A-11D-2323-08	29	6	0	11	9
TCGA-50-8460-01A-11D-2323-08	9	8	3	2	7
TCGA-53-7624-01A-11D-2063-08	545	14	28	60	196
TCGA-53-7626-01A-12D-2063-08	290	0	0	26	49
TCGA-53-7813-01A-11D-2167-08	112	8	3	28	5
TCGA-55-1592-01A-01D-0969-08	341	0	0	95	112
TCGA-55-1592-01A-01W-0928-08	311	0	21	90	100
TCGA-55-1594-01A-01D-1040-01	55	14	13	1	76
TCGA-55-1594-01A-01W-0928-08	47	5	11	13	77
TCGA-55-1595-01A-01D-0969-08	297	14	0	0	23
TCGA-55-1596-01A-01D-1040-01	123	5	4	42	24
TCGA-55-1596-01A-01W-0928-08	129	3	6	33	21
TCGA-55-5899-01A-11D-1625-08	306	6	10	23	129
TCGA-55-6543-01A-11D-1753-08	0	18	0	0	4
TCGA-55-6642-01A-11D-1855-08	95	0	9	15	9
TCGA-55-6712-01A-11D-1855-08	36	11	0	0	90
TCGA-55-6968-01A-11D-1945-08	104	3	10	8	402
TCGA-55-6969-01A-11D-1945-08	339	0	0	39	33
TCGA-55-6970-01A-11D-1945-08	123	3	3	27	24
TCGA-55-6971-01A-11D-1945-08	60	0	0	12	12
TCGA-55-6972-01A-11D-1945-08	110	0	0	0	166
TCGA-55-6975-01A-11D-1945-08	35	11	3	8	14
TCGA-55-6978-01A-11D-1945-08	0	6	0	21	0
TCGA-55-6979-01A-11D-1945-08	75	0	0	0	39
TCGA-55-6980-01A-11D-1945-08	0	11	0	0	0
TCGA-55-6981-01A-11D-1945-08	7	15	4	11	12
TCGA-55-6982-01A-11D-1945-08	0	13	0	0	208
TCGA-55-6984-01A-11D-1945-08	0	0	15	5	0
TCGA-55-6985-01A-11D-1945-08	395	7	23	25	8
TCGA-55-6987-01A-11D-1945-08	90	5	9	7	72
TCGA-55-7281-01A-11D-2036-08	357	3	1	37	64
TCGA-55-7283-01A-11D-2036-08	107	30	9	22	60
TCGA-55-7284-01B-11D-2238-08	6	20	7	5	5
TCGA-55-7570-01A-11D-2036-08	239	3	1	28	122
TCGA-55-7573-01A-11D-2036-08	36	0	4	0	11
TCGA-55-7574-01A-11D-2036-08	91	0	0	0	142
TCGA-55-7724-01A-11D-2167-08	82	19	20	39	51
TCGA-55-7725-01A-11D-2167-08	121	10	0	0	10
TCGA-55-7726-01A-11D-2167-08	0	22	0	0	93
TCGA-55-7727-01A-11D-2167-08	115	9	2	23	116
TCGA-55-7815-01A-11D-2167-08	121	21	0	0	14
TCGA-55-7903-01A-11D-2167-08	78	15	12	25	26
TCGA-55-7907-01A-11D-2167-08	929	8	20	37	237
TCGA-55-7910-01A-11D-2167-08	268	20	15	11	9
TCGA-55-7911-01A-11D-2167-08	187	12	11	0	33
TCGA-55-7913-01B-11D-2238-08	245	6	19	36	48
TCGA-55-7914-01A-11D-2167-08	103	18	4	26	31
TCGA-55-7994-01A-11D-2184-08	1368	34	6	104	124
TCGA-55-7995-01A-11D-2184-08	510	4	9	41	138
TCGA-55-8085-01A-11D-2238-08	118	24	0	0	144
TCGA-55-8087-01A-11D-2238-08	0	8	6	5	8
TCGA-55-8089-01A-11D-2238-08	806	0	57	0	442
TCGA-55-8090-01A-11D-2238-08	66	5	4	11	6
TCGA-55-8091-01A-11D-2238-08	0	18	0	0	3
TCGA-55-8092-01A-11D-2238-08	352	43	12	27	168
TCGA-55-8094-01A-11D-2238-08	388	4	31	28	26
TCGA-55-8096-01A-11D-2238-08	117	18	0	0	15
TCGA-55-8097-01A-11D-2238-08	53	26	7	14	13
TCGA-55-8203-01A-11D-2238-08	424	28	0	0	0
TCGA-55-8204-01A-11D-2238-08	84	14	2	25	107
TCGA-55-8205-01A-11D-2238-08	273	7	33	31	212
TCGA-55-8206-01A-11D-2238-08	8	8	4	1	5
TCGA-55-8208-01A-11D-2238-08	100	8	1	27	202
TCGA-55-8299-01A-11D-2284-08	169	0	0	0	21
TCGA-55-8301-01A-11D-2284-08	209	4	1	36	44
TCGA-55-8302-01A-11D-2323-08	624	13	10	29	34
TCGA-55-8506-01A-11D-2393-08	1107	344	23	242	44
TCGA-55-8507-01A-11D-2393-08	871	17	9	86	51
TCGA-55-8510-01A-11D-2393-08	268	6	9	5	36
TCGA-55-8511-01A-11D-2393-08	434	20	11	20	99
TCGA-55-8512-01A-11D-2393-08	27	2	2	1	8
TCGA-55-8514-01A-11D-2393-08	246	32	0	0	18
TCGA-55-8614-01A-11D-2393-08	119	48	7	21	52
TCGA-55-8616-01A-11D-2393-08	438	18	8	41	18
TCGA-55-8621-01A-11D-2393-08	38	0	0	9	6
TCGA-55-A48X-01A-11D-A24D-08	331	1	9	11	36
TCGA-55-A48Y-01A-11D-A24D-08	0	22	0	0	346
TCGA-55-A48Z-01A-12D-A24P-08	21	9	0	18	9
TCGA-55-A490-01A-11D-A24D-08	1181	11	33	19	127
TCGA-55-A491-01A-11D-A24D-08	300	9	7	36	43
TCGA-55-A492-01A-11D-A24D-08	223	0	0	37	30
TCGA-55-A493-01A-11D-A24D-08	146	11	10	17	84
TCGA-55-A494-01A-11D-A24P-08	176	37	13	3	19
TCGA-55-A4DF-01A-11D-A24D-08	131	21	51	10	626
TCGA-55-A4DG-01A-11D-A24D-08	626	8	8	54	27
TCGA-55-A57B-01A-12D-A397-08	5	11	5	8	8
TCGA-5M-AAT4-01A-11D-A40P-10	26	92	16	27	19
TCGA-5M-AAT5-01A-21D-A40P-10	12	51	4	3	5
TCGA-5M-AAT6-01A-11D-A40P-10	0	1040	0	859	0
TCGA-5M-AATA-01A-31D-A40P-10	3	57	7	11	3
TCGA-5M-AATE-01A-11D-A40P-10	14	88	8	11	21
TCGA-62-8394-01A-11D-2323-08	41	16	6	12	62
TCGA-62-8395-01A-11D-2323-08	9	22	3	14	25
TCGA-62-8397-01A-11D-2323-08	7	5	4	5	4
TCGA-62-8398-01A-11D-2323-08	50	7	0	10	17
TCGA-62-8399-01A-21D-2323-08	253	31	21	16	228
TCGA-62-8402-01A-11D-2323-08	21	20	0	0	16
TCGA-62-A46O-01A-11D-A24D-08	642	18	23	54	198
TCGA-62-A46P-01A-11D-A24D-08	227	11	18	24	4
TCGA-62-A46R-01A-11D-A24D-08	94	17	10	13	38
TCGA-62-A46S-01A-11D-A24D-08	82	17	2	3	22
TCGA-62-A46U-01A-11D-A24D-08	15	10	0	6	13
TCGA-62-A46V-01A-11D-A24D-08	14	16	9	5	13
TCGA-62-A46Y-01A-11D-A24D-08	14	13	0	0	5
TCGA-62-A472-01A-11D-A24D-08	30	10	7	0	10
TCGA-64-1676-01A-01D-0969-08	577	19	0	0	32
TCGA-64-1676-01A-01W-0928-08	536	10	3	25	31
TCGA-64-1677-01A-01W-0928-08	75	13	4	20	102
TCGA-64-1678-01A-01W-0928-08	370	1	2	18	46
TCGA-64-1679-01A-21D-2063-08	478	0	0	0	49
TCGA-64-1680-01A-02D-0969-08	0	19	7	0	26
TCGA-64-1680-01A-02W-0928-08	9	11	8	0	18
TCGA-64-1681-01A-11D-2063-08	22	10	0	0	33
TCGA-64-5774-01A-01D-1625-08	110	7	0	19	8
TCGA-64-5778-01A-01D-1625-08	401	10	12	17	46
TCGA-64-5781-01A-01D-1625-08	909	27	19	9	188
TCGA-64-5815-01A-01D-1625-08	158	23	0	0	0
TCGA-67-3770-01A-01D-0969-08	182	0	0	35	16
TCGA-67-3770-01A-01W-0928-08	176	10	0	25	15
TCGA-67-3771-01A-01D-1040-01	575	15	18	107	425
TCGA-67-3771-01A-01W-0928-08	602	22	27	88	442
TCGA-67-3774-01A-01D-1040-01	83	7	5	8	15
TCGA-67-3774-01A-01W-0928-08	75	4	7	8	9
TCGA-67-4679-01B-01D-1753-08	254	17	0	0	21
TCGA-67-6215-01A-11D-1753-08	0	0	0	72	37
TCGA-67-6216-01A-11D-1753-08	6	4	0	0	16
TCGA-67-6217-01A-11D-1753-08	154	4	12	12	10
TCGA-69-7760-01A-11D-2167-08	20	12	8	19	12
TCGA-69-7764-01A-11D-2167-08	37	11	0	27	16
TCGA-69-7765-01A-11D-2167-08	526	0	0	39	75
TCGA-69-7973-01A-11D-2184-08	222	15	2	13	13
TCGA-69-7974-01A-11D-2184-08	448	33	0	0	47
TCGA-69-7978-01A-11D-2184-08	368	18	23	12	195
TCGA-69-8253-01A-11D-2284-08	121	14	0	0	32
TCGA-69-8254-01A-11D-2284-08	42	21	0	0	12
TCGA-69-8255-01A-11D-2284-08	176	15	14	31	64
TCGA-69-A59K-01A-11D-A25L-08	399	19	6	30	54
TCGA-71-6725-01A-11D-1855-08	8	25	0	12	12
TCGA-71-8520-01A-11D-2393-08	13	15	17	27	20
TCGA-73-4658-01A-01D-1753-08	155	0	19	0	158
TCGA-73-4659-01A-01D-1265-08	189	16	0	0	17
TCGA-73-4662-01A-01D-1265-08	177	10	0	0	26
TCGA-73-4670-01A-01D-1265-08	275	11	6	37	37
TCGA-73-4675-01A-01D-1265-08	26	10	0	23	10
TCGA-73-4676-01A-01D-1753-08	66	19	0	0	13
TCGA-73-7498-01A-12D-2184-08	92	17	0	0	8
TCGA-73-7499-01A-11D-2184-08	17	10	2	15	21
TCGA-75-5122-01A-01D-1753-08	67	13	1	20	33
TCGA-75-5125-01A-01D-1753-08	69	6	22	17	50
TCGA-75-5126-01A-01D-1753-08	389	8	16	28	181
TCGA-75-5146-01A-01D-1625-08	175	0	0	0	18
TCGA-75-5147-01A-01D-1625-08	0	13	0	0	23
TCGA-75-6203-01A-11D-1753-08	0	13	0	0	0
TCGA-75-6205-01A-11D-1753-08	14	2	9	8	10
TCGA-75-6206-01A-11D-1753-08	61	0	6	10	15
TCGA-75-6211-01A-11D-1753-08	317	6	20	22	27
TCGA-75-6214-01A-41D-1945-08	458	15	21	31	210
TCGA-75-7025-01A-12D-1945-08	0	11	3	6	10
TCGA-75-7027-01A-11D-1945-08	210	19	0	0	21
TCGA-75-7030-01A-11D-1945-08	5	3	0	0	0
TCGA-78-7145-01A-11D-2036-08	155	11	4	10	17
TCGA-78-7146-01A-11D-2036-08	227	29	3	11	112
TCGA-78-7147-01A-11D-2036-08	218	14	7	42	82
TCGA-78-7148-01A-11D-2036-08	165	1	2	31	21
TCGA-78-7149-01A-11D-2036-08	38	7	2	13	88
TCGA-78-7150-01A-21D-2036-08	189	30	11	12	193
TCGA-78-7152-01A-11D-2036-08	84	3	15	6	98
TCGA-78-7153-01A-11D-2036-08	35	13	3	13	40
TCGA-78-7154-01A-11D-2036-08	57	31	8	30	140
TCGA-78-7155-01A-11D-2036-08	1280	10	43	85	162
TCGA-78-7156-01A-11D-2036-08	122	7	20	10	153
TCGA-78-7158-01A-11D-2036-08	160	14	14	10	50
TCGA-78-7160-01A-11D-2036-08	11	2	4	12	12
TCGA-78-7161-01A-11D-2036-08	142	12	0	23	21
TCGA-78-7162-01A-21D-2063-08	46	0	0	16	25
TCGA-78-7163-01A-12D-2063-08	6	7	6	0	0
TCGA-78-7166-01A-12D-2063-08	208	0	0	32	0
TCGA-78-7167-01A-11D-2063-08	37	12	6	9	36
TCGA-78-7220-01A-11D-2036-08	648	5	23	49	164
TCGA-78-7535-01A-11D-2063-08	141	4	3	22	14
TCGA-78-7536-01A-11D-2063-08	588	24	0	0	41
TCGA-78-7539-01A-11D-2063-08	131	23	23	17	321
TCGA-78-7540-01A-11D-2063-08	6	14	5	4	1
TCGA-78-7542-01A-21D-2063-08	307	14	14	10	40
TCGA-78-7633-01A-11D-2063-08	87	3	2	6	11
TCGA-78-8640-01A-11D-2393-08	476	24	18	73	166
TCGA-78-8648-01A-11D-2393-08	7	0	0	0	0
TCGA-78-8655-01A-11D-2393-08	68	11	5	9	12
TCGA-78-8662-01A-11D-2393-08	991	0	0	90	145
TCGA-80-5607-01A-31D-1945-08	0	0	0	0	131
TCGA-80-5608-01A-31D-1945-08	145	19	0	0	16
TCGA-80-5611-01A-01D-1625-08	113	3	5	51	26
TCGA-83-5908-01A-21D-2284-08	130	13	0	0	102
TCGA-86-6562-01A-11D-1753-08	18	14	0	0	21
TCGA-86-6851-01A-11D-1945-08	778	0	0	0	140
TCGA-86-7701-01A-11D-2167-08	168	8	11	9	8
TCGA-86-7711-01A-11D-2063-08	116	9	9	30	67
TCGA-86-7713-01A-11D-2063-08	131	11	2	1	15
TCGA-86-7954-01A-11D-2184-08	114	22	10	26	48
TCGA-86-7955-01A-11D-2184-08	243	26	0	0	59
TCGA-86-8055-01A-11D-2238-08	0	20	7	0	17
TCGA-86-8056-01A-11D-2238-08	62	12	23	7	183
TCGA-86-8073-01A-11D-2238-08	1345	7	6	62	133
TCGA-86-8074-01A-11D-2238-08	30	10	2	12	17
TCGA-86-8075-01A-11D-2238-08	4	17	3	11	7
TCGA-86-8076-01A-31D-2238-08	21	8	1	7	30
TCGA-86-8279-01A-11D-2284-08	453	3	6	52	29
TCGA-86-8280-01A-11D-2284-08	13	8	2	17	8
TCGA-86-8281-01A-11D-2284-08	176	8	12	37	34
TCGA-86-8359-01A-11D-2323-08	138	17	0	0	15
TCGA-86-8585-01A-11D-2393-08	409	4	26	30	125
TCGA-86-8668-01A-11D-2393-08	0	19	0	0	12
TCGA-86-8669-01A-11D-2393-08	91	17	18	0	15
TCGA-86-8671-01A-11D-2393-08	12	7	6	0	8
TCGA-86-8672-01A-21D-2393-08	237	23	0	0	55
TCGA-86-8673-01A-11D-2393-08	383	0	0	44	62
TCGA-86-8674-01A-21D-2393-08	258	0	0	0	46
TCGA-86-A456-01A-11D-A24D-08	277	0	0	44	43
TCGA-86-A4JF-01A-11D-A24P-08	313	227	24	559	199
TCGA-86-A4P7-01A-11D-A24P-08	14	7	1	1	37
TCGA-91-6828-01A-11D-1855-08	228	14	0	0	34
TCGA-91-6829-01A-21D-1855-08	515	6	3	51	89
TCGA-91-6830-01A-11D-1945-08	6	1	4	10	201
TCGA-91-6831-01A-11D-1855-08	198	0	21	33	25
TCGA-91-6835-01A-11D-1855-08	42	10	0	0	26
TCGA-91-6836-01A-21D-1855-08	380	9	22	24	35
TCGA-91-6840-01A-11D-1945-08	12	11	16	1	84
TCGA-91-6847-01A-11D-1945-08	24	27	0	0	23
TCGA-91-6849-01A-11D-1945-08	88	0	15	0	14
TCGA-91-7771-01A-11D-2167-08	136	12	0	0	46
TCGA-91-8496-01A-11D-2393-08	0	0	0	19	8
TCGA-91-A4BC-01A-11D-A24D-08	374	4	21	26	30
TCGA-91-A4BD-01A-11D-A24D-08	0	6	0	10	7
TCGA-93-7347-01A-11D-2184-08	93	0	0	12	17
TCGA-93-7348-01A-21D-2036-08	45	10	9	23	25
TCGA-93-8067-01A-11D-2284-08	0	0	54	0	498
TCGA-93-8067-01C-01D-A38P-08	0	0	27	0	259
TCGA-93-8067-01D-01D-A38P-08	23	1	8	6	151
TCGA-93-A4JO-01A-21D-A24P-08	19	0	0	10	21
TCGA-93-A4JP-01A-11D-A24P-08	11	2	13	5	24
TCGA-93-A4JP-01D-01D-A38P-08	30	26	15	0	45
TCGA-93-A4JP-01E-01D-A38P-08	28	15	17	4	40
TCGA-95-7039-01A-11D-1945-08	1067	12	27	85	101
TCGA-95-7043-01A-11D-1945-08	986	40	21	11	79
TCGA-95-7562-01A-11D-2238-08	357	11	4	18	11
TCGA-95-7567-01A-11D-2063-08	325	102	22	442	48
TCGA-95-7944-01A-11D-2184-08	0	0	26	0	237
TCGA-95-7947-01A-11D-2184-08	203	2	52	46	274
TCGA-95-7948-01A-11D-2184-08	0	0	15	0	129
TCGA-95-8494-01A-11D-2323-08	0	24	14	0	74
TCGA-95-A4VK-01A-11D-A25L-08	223	18	12	5	16
TCGA-95-A4VN-01A-11D-A25L-08	408	0	27	0	47
TCGA-97-7547-01A-11D-2036-08	95	10	3	13	54
TCGA-97-7552-01A-11D-2036-08	4	11	6	8	2
TCGA-97-7553-01A-21D-2036-08	22	17	0	0	6
TCGA-97-7554-01A-11D-2036-08	364	5	13	36	33
TCGA-97-7938-01A-11D-2167-08	317	8	10	27	56
TCGA-97-8171-01A-11D-2284-08	24	25	0	0	6
TCGA-97-8174-01A-11D-2284-08	107	17	13	7	25
TCGA-97-8175-01A-11D-2284-08	17	5	0	0	8
TCGA-97-8177-01A-11D-2284-08	7	4	0	14	9
TCGA-97-8552-01A-11D-2393-08	11	8	0	0	4
TCGA-97-A4LX-01A-11D-A24P-08	174	0	0	0	13
TCGA-97-A4M0-01A-11D-A24P-08	273	0	18	29	86
TCGA-97-A4M1-01A-11D-A24P-08	12	16	0	0	15
TCGA-97-A4M3-01A-11D-A24P-08	157	5	11	7	38
TCGA-97-A4M6-01A-11D-A24P-08	0	4	0	19	10
TCGA-97-A4M7-01A-11D-A24P-08	274	2	1	24	15
TCGA-99-7458-01A-11D-2036-08	419	11	3	35	30
TCGA-99-8025-01A-11D-2238-08	246	27	10	53	180
TCGA-99-8028-01A-11D-2238-08	358	0	0	43	0
TCGA-99-8032-01A-11D-2238-08	318	20	14	15	38
TCGA-99-8033-01A-11D-2238-08	121	8	8	23	18
TCGA-99-AA5R-01A-11D-A397-08	38	0	4	0	0
TCGA-A6-2671-01A-01D-1408-10	19	47	6	9	5
TCGA-A6-2672-01B-03D-2298-08	81	411	53	609	1
TCGA-A6-2675-01A-02D-1719-10	0	79	0	13	9
TCGA-A6-2677-01A-01D-A270-10	17	99	19	1	7
TCGA-A6-2677-01B-02D-A270-10	17	84	21	3	7
TCGA-A6-2678-01A-01D-1953-10	3	12	6	1	3
TCGA-A6-2679-01A-02D-1408-10	27	82	9	30	10
TCGA-A6-2680-01A-01D-1408-10	28	82	0	0	9
TCGA-A6-2681-01A-01D-1408-10	45	110	0	0	0
TCGA-A6-2682-01A-01D-1408-10	7	42	14	1	16
TCGA-A6-2683-01A-01D-1953-10	0	38	0	0	0
TCGA-A6-2684-01A-01D-A270-10	15	76	4	5	17
TCGA-A6-2684-01C-08D-A270-10	13	68	5	6	13
TCGA-A6-2685-01A-01D-1408-10	15	29	0	0	9
TCGA-A6-2686-01A-01D-1408-10	68	907	49	982	19
TCGA-A6-3807-01A-01W-0995-10	0	44	17	0	43
TCGA-A6-3808-01A-01W-0995-10	6	74	10	38	14
TCGA-A6-3810-01A-01D-A270-10	25	98	7	5	35
TCGA-A6-4105-01A-02D-1771-10	33	94	0	30	17
TCGA-A6-4107-01A-02D-1408-10	46	119	10	10	10
TCGA-A6-5656-01A-21D-1835-10	0	93	11	0	0
TCGA-A6-5656-01A-21D-A270-10	0	99	11	0	0
TCGA-A6-5657-01A-01D-1650-10	28	70	10	0	17
TCGA-A6-5659-01A-01D-1650-10	52	116	31	0	0
TCGA-A6-5659-01A-01D-A270-10	51	129	32	0	0
TCGA-A6-5659-01B-04D-A270-10	48	90	30	0	17
TCGA-A6-5660-01A-01D-1650-10	12	87	10	5	14
TCGA-A6-5661-01A-01D-1650-10	0	611	0	585	0
TCGA-A6-5662-01A-01D-1650-10	10	31	6	4	9
TCGA-A6-5664-01A-21D-1835-10	0	41	10	0	0
TCGA-A6-5665-01A-01D-1650-10	0	725	0	943	0
TCGA-A6-5666-01A-01D-1650-10	16	60	16	0	0
TCGA-A6-5667-01A-21D-1719-10	18	38	0	0	12
TCGA-A6-6138-01A-11D-1771-10	21	71	6	7	11
TCGA-A6-6142-01A-11D-1771-10	17	52	0	0	11
TCGA-A6-6649-01A-11D-1771-10	9	70	6	16	15
TCGA-A6-6650-01A-11D-1771-10	38	54	14	9	9
TCGA-A6-6650-01B-02D-A270-10	21	59	12	7	9
TCGA-A6-6651-01A-21D-1835-10	21	46	0	0	20
TCGA-A6-6652-01A-11D-1771-10	20	42	0	12	11
TCGA-A6-6653-01A-11D-1771-10	0	664	0	407	0
TCGA-A6-6654-01A-21D-1835-10	0	200	0	0	0
TCGA-A6-6782-01A-11D-1835-10	40	60	24	4	21
TCGA-A6-A567-01A-31D-A28G-10	11	39	13	0	0
TCGA-A6-A56B-01A-31D-A28G-10	15	74	8	0	0
TCGA-A6-A5ZU-01A-11D-A28G-10	13	60	10	13	7
TCGA-AA-3488-01A-01D-1408-10	14	45	4	12	11
TCGA-AA-3489-01A-21D-1835-10	25	40	18	0	16
TCGA-AA-3492-01A-01D-1408-10	0	895	0	1149	0
TCGA-AA-3494-01A-01D-1408-10	25	66	0	0	0
TCGA-AA-3495-01A-01D-1408-10	24	82	9	0	9
TCGA-AA-3496-01A-21D-1835-10	7	68	11	4	7
TCGA-AA-3502-01A-01D-1408-10	16	143	27	2	12
TCGA-AA-3509-01A-01D-1408-10	0	79	0	0	14
TCGA-AA-3511-01A-21D-1835-10	0	60	24	0	30
TCGA-AA-3514-01A-02D-1953-10	0	31	0	0	0
TCGA-AA-3517-01A-01D-1953-10	0	12	0	0	3
TCGA-AA-3519-01A-02D-1953-10	0	12	7	7	0
TCGA-AA-3520-01A-01D-1953-10	0	28	0	0	0
TCGA-AA-3521-01A-01D-1953-10	0	15	0	0	0
TCGA-AA-3522-01A-01W-0831-10	0	18	7	0	0
TCGA-AA-3524-01A-02D-1953-10	0	8	0	0	5
TCGA-AA-3529-01A-02D-1953-10	0	18	0	0	3
TCGA-AA-3530-01A-01W-0995-10	25	71	0	0	0
TCGA-AA-3532-01A-01D-1953-10	0	13	5	0	0
TCGA-AA-3534-01A-01D-1953-10	0	31	0	0	0
TCGA-AA-3538-01A-01D-1953-10	0	7	0	4	5
TCGA-AA-3544-01A-01D-1953-10	0	16	4	5	0
TCGA-AA-3548-01A-01D-1953-10	0	23	0	0	0
TCGA-AA-3549-01A-02D-1953-10	0	12	0	6	0
TCGA-AA-3561-01A-01D-1953-10	0	17	0	0	0
TCGA-AA-3655-01A-02D-1719-10	2	50	2	25	8
TCGA-AA-3660-01A-01D-1719-10	14	70	17	15	7
TCGA-AA-3662-01A-01D-1719-10	22	54	7	0	0
TCGA-AA-3663-01A-01D-1719-10	93	358	39	1389	6
TCGA-AA-3672-01A-01W-0900-09	0	605	0	1061	0
TCGA-AA-3673-01A-01W-0900-09	14	59	0	0	0
TCGA-AA-3675-01A-02W-0900-09	0	87	0	0	13
TCGA-AA-3678-01A-01W-0900-09	0	60	11	0	0
TCGA-AA-3679-01A-02W-0900-09	21	44	0	0	9
TCGA-AA-3680-01A-01W-0900-09	0	82	27	0	0
TCGA-AA-3681-01A-01W-0900-09	0	111	0	0	15
TCGA-AA-3685-01A-02W-0900-09	16	56	0	0	15
TCGA-AA-3688-01A-01W-0900-09	19	37	12	0	7
TCGA-AA-3693-01A-01W-0900-09	60	71	0	0	29
TCGA-AA-3696-01A-01W-0900-09	17	51	8	7	8
TCGA-AA-3697-01A-01D-1719-10	75	83	6	1	39
TCGA-AA-3712-01A-21D-1719-10	26	24	17	9	83
TCGA-AA-3713-01A-21D-1719-10	0	447	0	492	0
TCGA-AA-3812-01A-01W-0900-09	28	61	14	3	12
TCGA-AA-3814-01A-01W-0900-09	12	70	10	4	11
TCGA-AA-3815-01A-01W-0995-10	24	381	31	432	10
TCGA-AA-3818-01A-01W-0900-09	40	71	21	5	15
TCGA-AA-3831-01A-01W-0900-09	10	56	18	9	12
TCGA-AA-3833-01A-01W-0900-09	0	287	0	321	0
TCGA-AA-3841-01A-01W-0900-09	15	52	0	0	8
TCGA-AA-3842-01A-01W-0995-10	21	65	0	0	15
TCGA-AA-3844-01A-01W-0995-10	65	46	0	0	17
TCGA-AA-3845-01A-01D-1981-10	61	421	43	440	3
TCGA-AA-3845-01A-01W-0995-10	70	340	52	415	9
TCGA-AA-3846-01A-01W-0995-10	19	56	6	1	15
TCGA-AA-3848-01A-01W-0900-09	32	105	2	1	18
TCGA-AA-3851-01A-01W-0995-10	18	74	0	0	0
TCGA-AA-3855-01A-01W-0995-10	20	92	4	3	26
TCGA-AA-3856-01A-01W-0900-09	0	54	8	0	0
TCGA-AA-3858-01A-01W-0900-09	14	48	0	0	0
TCGA-AA-3861-01A-01W-0995-10	31	82	8	0	0
TCGA-AA-3862-01A-01W-0995-10	15	49	6	15	11
TCGA-AA-3864-01A-01D-1981-10	0	1811	0	1068	0
TCGA-AA-3866-01A-01W-0995-10	25	80	5	3	9
TCGA-AA-3867-01A-01W-0995-10	0	78	0	0	20
TCGA-AA-3869-01A-01W-0995-10	0	53	14	0	12
TCGA-AA-3870-01A-01W-0995-10	26	79	7	10	4
TCGA-AA-3872-01A-01W-0995-10	0	38	14	0	25
TCGA-AA-3930-01A-01W-0995-10	36	73	15	20	63
TCGA-AA-3939-01A-01W-0995-10	0	85	0	0	34
TCGA-AA-3941-01A-01W-0995-10	20	71	7	3	10
TCGA-AA-3952-01A-01W-0995-10	29	52	0	0	11
TCGA-AA-3955-01A-02W-0995-10	40	57	0	0	36
TCGA-AA-3956-01A-02W-0995-10	9	77	8	9	29
TCGA-AA-3967-01A-01W-1073-09	36	87	0	0	33
TCGA-AA-3968-01A-01W-0995-10	37	77	13	0	0
TCGA-AA-3971-01A-01W-0995-10	17	45	0	0	26
TCGA-AA-3972-01A-01W-0995-10	16	56	9	0	13
TCGA-AA-3976-01A-01W-0995-10	0	70	12	0	13
TCGA-AA-3977-01A-01D-1981-10	0	0	4644	0	0
TCGA-AA-3977-01A-01W-0995-10	0	0	3905	0	0
TCGA-AA-3979-01A-01W-0995-10	13	70	9	27	31
TCGA-AA-3980-01A-02W-0995-10	14	63	13	1	12
TCGA-AA-3982-01A-02W-0995-10	14	67	14	9	21
TCGA-AA-3984-01A-02D-1981-10	0	719	4933	0	0
TCGA-AA-3984-01A-02W-0995-10	0	577	4337	0	0
TCGA-AA-3986-01A-02W-0995-10	20	64	8	0	0
TCGA-AA-3989-01A-01W-0995-10	20	66	5	20	4
TCGA-AA-A004-01A-01W-A00E-09	0	46	0	11	12
TCGA-AA-A00O-01A-02W-A00E-09	30	40	1	8	8
TCGA-AA-A00Z-01A-01D-A17O-10	0	11	0	0	0
TCGA-AA-A010-01A-01D-A17O-10	0	619	7122	1072	0
TCGA-AA-A010-01A-01W-A00E-09	0	0	6884	1011	0
TCGA-AA-A017-01A-01W-A00E-09	0	33	0	0	18
TCGA-AA-A01C-01A-01W-A00E-09	22	45	0	0	10
TCGA-AA-A01I-01A-02W-A00E-09	25	65	10	5	6
TCGA-AA-A01K-01A-01W-A00E-09	58	51	0	0	30
TCGA-AA-A01P-01A-21D-A17O-10	0	408	36	396	0
TCGA-AA-A01P-01A-21W-A096-10	25	254	35	225	18
TCGA-AA-A01S-01A-21W-A096-10	9	41	2	7	4
TCGA-AA-A01T-01A-21W-A096-10	33	52	0	0	11
TCGA-AA-A01V-01A-23W-A096-10	24	68	17	8	7
TCGA-AA-A01X-01A-21W-A096-10	16	57	0	0	0
TCGA-AA-A01Z-01A-11W-A096-10	19	69	0	0	7
TCGA-AA-A022-01A-21D-A17O-10	0	835	0	643	0
TCGA-AA-A022-01A-21W-A096-10	0	695	0	566	0
TCGA-AA-A024-01A-02W-A00E-09	11	48	3	5	12
TCGA-AA-A029-01A-01W-A00E-09	24	48	13	0	0
TCGA-AA-A02E-01A-01W-A00E-09	52	66	4	9	31
TCGA-AA-A02H-01A-01W-A00E-09	9	34	14	7	9
TCGA-AA-A02J-01A-01W-A00E-09	27	43	26	4	27
TCGA-AA-A02K-01A-21W-A096-10	31	68	5	20	15
TCGA-AA-A02O-01A-21W-A096-10	25	122	0	0	18
TCGA-AA-A02R-01A-01W-A00E-09	67	383	23	569	22
TCGA-AA-A02W-01A-01W-A00E-09	25	57	1	9	3
TCGA-AA-A02Y-01A-43W-A096-10	21	55	22	0	14
TCGA-AA-A03J-01A-21W-A096-10	20	57	13	0	11
TCGA-AD-6548-01A-11D-1835-10	24	85	0	0	20
TCGA-AD-6889-01A-11D-1924-10	97	612	16	905	8
TCGA-AD-6890-01A-11D-1924-10	16	85	0	0	10
TCGA-AD-6895-01A-11D-1924-10	0	750	0	833	153
TCGA-AD-6901-01A-11D-1924-10	51	122	30	29	38
TCGA-AD-6963-01A-11D-1924-10	0	43	0	15	17
TCGA-AD-6964-01A-11D-1924-10	0	342	0	1281	0
TCGA-AD-6965-01A-11D-1924-10	17	82	9	15	10
TCGA-AD-A5EJ-01A-11D-A28G-10	90	510	31	798	9
TCGA-AD-A5EK-01A-11D-A28G-10	29	62	0	0	13
TCGA-AM-5820-01A-01D-1650-10	13	43	5	1	4
TCGA-AM-5821-01A-01D-1650-10	0	480	0	742	0
TCGA-AU-6004-01A-11D-1719-10	0	477	39	378	0
TCGA-AY-4070-01A-01W-1073-09	63	37	11	30	8
TCGA-AY-4071-01A-01W-1073-09	33	56	11	1	20
TCGA-AY-5543-01A-01D-1650-10	19	70	14	8	8
TCGA-AY-6197-01A-11D-1719-10	39	268	35	722	8
TCGA-AY-6386-01A-21D-1719-10	0	89	11	0	12
TCGA-AY-A54L-01A-11D-A28G-10	38	64	12	24	10
TCGA-AY-A69D-01A-11D-A36X-10	46	126	35	0	0
TCGA-AY-A71X-01A-12D-A36X-10	7	61	11	4	3
TCGA-AY-A8YK-01A-11D-A40P-10	0	47	6	26	0
TCGA-AZ-4308-01A-01D-1408-10	15	31	11	4	7
TCGA-AZ-4313-01A-01D-1408-10	0	1178	0	0	0
TCGA-AZ-4315-01A-01D-1408-10	0	1017	6195	0	0
TCGA-AZ-4614-01A-01D-1408-10	68	102	0	0	21
TCGA-AZ-4615-01A-01D-1408-10	0	462	0	512	0
TCGA-AZ-4681-01A-01D-1408-10	23	46	0	0	10
TCGA-AZ-4682-01B-01D-1408-10	0	67	13	0	11
TCGA-AZ-4684-01A-01D-1408-10	22	51	0	0	10
TCGA-AZ-5403-01A-01D-1650-10	10	35	16	8	8
TCGA-AZ-5407-01A-01D-1719-10	30	72	0	0	0
TCGA-AZ-6598-01A-11D-1771-10	0	914	0	1261	0
TCGA-AZ-6599-01A-11D-1771-10	10	75	27	25	126
TCGA-AZ-6600-01A-11D-1771-10	37	76	14	0	15
TCGA-AZ-6601-01A-11D-1771-10	0	1475	0	907	0
TCGA-AZ-6603-01A-11D-1835-10	0	51	16	0	8
TCGA-AZ-6605-01A-11D-1835-10	8	46	15	18	17
TCGA-AZ-6606-01A-11D-1835-10	22	89	1	3	26
TCGA-AZ-6607-01A-11D-1835-10	18	45	0	0	14
TCGA-AZ-6608-01A-11D-1835-10	49	60	2	17	22
TCGA-CA-5254-01A-21D-1835-10	55	134	0	0	14
TCGA-CA-5255-01A-11D-1835-10	11	18	6	5	4
TCGA-CA-5256-01A-01D-1408-10	14	66	0	0	0
TCGA-CA-5797-01A-01D-1650-10	22	31	0	0	13
TCGA-CA-6715-01A-21D-1835-10	24	45	14	0	0
TCGA-CA-6718-01A-11D-1835-10	0	0	3917	0	0
TCGA-CA-6719-01A-11D-1835-10	10	77	17	6	4
TCGA-CK-4947-01B-11D-1650-10	24	77	0	0	0
TCGA-CK-4948-01B-11D-1650-10	26	74	0	0	8
TCGA-CK-5912-01A-11D-1650-10	0	47	0	0	10
TCGA-CK-5913-01A-11D-1650-10	0	434	0	351	0
TCGA-CK-5914-01A-11D-1650-10	20	86	12	14	10
TCGA-CK-5915-01A-11D-1650-10	0	88	0	0	0
TCGA-CK-5916-01A-11D-1650-10	0	724	0	661	0
TCGA-CK-6746-01A-11D-1835-10	10	403	35	674	2
TCGA-CK-6747-01A-11D-1835-10	5	95	14	1	11
TCGA-CM-4743-01A-01D-1719-10	97	519	0	498	0
TCGA-CM-4744-01A-01D-1408-10	33	102	14	0	0
TCGA-CM-4746-01A-01D-1408-10	0	486	0	236	0
TCGA-CM-4747-01A-01D-1408-10	4	72	1	13	10
TCGA-CM-4750-01A-01D-1408-10	30	61	0	0	0
TCGA-CM-4751-01A-02D-1835-10	0	75	0	19	0
TCGA-CM-4752-01A-01D-1408-10	0	111	20	0	0
TCGA-CM-5341-01A-01D-1408-10	27	111	0	0	23
TCGA-CM-5348-01A-21D-1719-10	21	104	26	3	33
TCGA-CM-5349-01A-21D-1719-10	0	87	17	0	0
TCGA-CM-5860-01A-01D-1650-10	24	73	11	0	9
TCGA-CM-5861-01A-01D-1650-10	14	394	34	958	12
TCGA-CM-5862-01A-01D-1650-10	7	68	1	7	8
TCGA-CM-5864-01A-01D-1650-10	72	73	17	30	15
TCGA-CM-5868-01A-01D-1650-10	14	51	9	18	8
TCGA-CM-6161-01A-11D-1650-10	27	72	0	0	0
TCGA-CM-6163-01A-11D-1650-10	22	69	0	0	15
TCGA-CM-6164-01A-11D-1650-10	14	37	13	6	6
TCGA-CM-6165-01A-11D-1650-10	47	45	1	12	4
TCGA-CM-6167-01A-11D-1650-10	22	57	0	0	0
TCGA-CM-6168-01A-11D-1650-10	58	94	4	44	20
TCGA-CM-6169-01A-11D-1650-10	25	73	3	7	4
TCGA-CM-6170-01A-11D-1650-10	0	58	0	18	22
TCGA-CM-6171-01A-11D-1650-10	0	712	0	459	0
TCGA-CM-6172-01A-11D-1650-10	19	60	14	0	13
TCGA-CM-6675-01A-11D-1835-10	29	49	0	0	0
TCGA-CM-6676-01A-11D-1835-10	9	67	14	8	6
TCGA-CM-6677-01A-11D-1835-10	13	96	16	11	6
TCGA-CM-6678-01A-11D-1835-10	28	116	0	0	0
TCGA-CM-6679-01A-11D-1835-10	0	38	0	21	8
TCGA-CM-6680-01A-11D-1835-10	13	59	10	0	8
TCGA-D5-5537-01A-21D-1924-10	18	59	12	11	4
TCGA-D5-5538-01A-01D-1650-10	42	61	6	3	4
TCGA-D5-5540-01A-01D-1650-10	18	82	8	0	11
TCGA-D5-5541-01A-01D-1650-10	0	56	8	0	0
TCGA-D5-6529-01A-11D-1771-10	0	91	22	0	0
TCGA-D5-6530-01A-11D-1719-10	0	536	0	454	0
TCGA-D5-6531-01A-11D-1719-10	29	124	19	0	18
TCGA-D5-6532-01A-11D-1719-10	11	63	15	3	32
TCGA-D5-6533-01A-11D-1719-10	48	81	23	0	25
TCGA-D5-6535-01A-11D-1719-10	52	71	15	3	35
TCGA-D5-6536-01A-11D-1719-10	16	55	1	18	7
TCGA-D5-6537-01A-11D-1719-10	28	66	18	0	0
TCGA-D5-6538-01A-11D-1719-10	5	100	7	23	12
TCGA-D5-6539-01A-11D-1719-10	17	49	11	8	14
TCGA-D5-6541-01A-11D-1719-10	0	96	0	0	0
TCGA-D5-6898-01A-11D-1924-10	23	53	6	0	0
TCGA-D5-6920-01A-11D-1924-10	8	69	2	14	21
TCGA-D5-6922-01A-11D-1924-10	0	75	0	15	17
TCGA-D5-6924-01A-11D-1924-10	43	79	0	0	18
TCGA-D5-6926-01A-11D-1924-10	17	74	0	0	21
TCGA-D5-6927-01A-21D-1924-10	0	240	0	411	0
TCGA-D5-6929-01A-31D-1924-10	42	44	1	16	22
TCGA-D5-6931-01A-11D-1924-10	47	130	36	76	33
TCGA-D5-6932-01A-11D-1924-10	45	59	11	6	11
TCGA-DM-A0X9-01A-11D-A152-10	37	100	26	7	21
TCGA-DM-A0XD-01A-12D-A152-10	21	93	16	18	23
TCGA-DM-A0XF-01A-11D-A152-10	61	38	14	1	17
TCGA-DM-A1D0-01A-11D-A152-10	37	71	0	0	16
TCGA-DM-A1D4-01A-21D-A152-10	32	131	10	6	8
TCGA-DM-A1D8-01A-11D-A152-10	57	67	13	15	11
TCGA-DM-A1D9-01A-11D-A152-10	49	57	12	0	16
TCGA-DM-A1DA-01A-11D-A152-10	121	115	10	33	18
TCGA-DM-A1DB-01A-11D-A152-10	6	35	5	3	12
TCGA-DM-A28C-01A-11D-A16V-10	21	66	0	0	15
TCGA-DM-A28E-01A-11D-A16V-10	9	49	15	2	7
TCGA-DM-A28F-01A-11D-A16V-10	59	82	26	38	43
TCGA-DM-A28G-01A-11D-A16V-10	25	81	5	9	9
TCGA-DM-A28H-01A-11D-A16V-10	7	61	10	14	28
TCGA-DM-A28M-01A-12D-A16V-10	8	67	7	5	6
TCGA-F4-6459-01A-11D-1771-10	26	55	16	1	29
TCGA-F4-6460-01A-11D-1771-10	40	64	21	13	18
TCGA-F4-6461-01A-11D-1771-10	24	76	9	30	10
TCGA-F4-6569-01A-11D-1771-10	21	61	24	0	15
TCGA-F4-6570-01A-11D-1771-10	57	657	54	807	32
TCGA-F4-6805-01A-11D-1835-10	16	48	2	4	1
TCGA-F4-6806-01A-11D-1835-10	15	75	7	1	10
TCGA-F4-6807-01A-11D-1835-10	116	43	3	3	8
TCGA-F4-6808-01A-11D-1835-10	55	83	0	0	0
TCGA-F4-6854-01A-11D-1924-10	48	48	3	5	15
TCGA-F4-6855-01A-11D-1924-10	27	56	6	3	17
TCGA-G4-6293-01A-11D-1719-10	20	70	12	8	12
TCGA-G4-6294-01A-11D-1806-10	41	62	6	30	21
TCGA-G4-6295-01A-11D-1719-10	48	66	10	10	17
TCGA-G4-6297-01A-11D-1719-10	0	67	22	0	0
TCGA-G4-6298-01A-11D-1719-10	17	60	0	0	0
TCGA-G4-6299-01A-11D-1771-10	40	72	11	25	15
TCGA-G4-6303-01A-11D-1771-10	0	85	21	0	0
TCGA-G4-6304-01A-11D-1924-10	3	365	25	471	10
TCGA-G4-6306-01A-11D-1771-10	17	74	6	22	5
TCGA-G4-6307-01A-11D-1719-10	17	34	14	7	6
TCGA-G4-6309-01A-21D-1835-10	0	542	0	206	0
TCGA-G4-6310-01A-11D-1719-10	15	71	13	4	7
TCGA-G4-6311-01A-11D-1719-10	60	73	6	3	10
TCGA-G4-6314-01A-11D-1719-10	9	99	11	11	21
TCGA-G4-6315-01A-11D-1719-10	42	91	5	1	13
TCGA-G4-6317-01A-11D-1719-10	0	92	0	0	15
TCGA-G4-6317-02A-11D-2067-10	35	56	9	17	14
TCGA-G4-6320-01A-11D-1719-10	98	629	27	295	10
TCGA-G4-6321-01A-11D-1719-10	16	41	6	0	0
TCGA-G4-6323-01A-11D-1719-10	0	55	0	24	8
TCGA-G4-6586-01A-11D-1771-10	0	612	0	480	0
TCGA-G4-6588-01A-11D-1771-10	4	673	16	1309	21
TCGA-G4-6626-01A-11D-1771-10	26	104	0	0	10
TCGA-G4-6627-01A-11D-2188-10	30	59	0	0	0
TCGA-G4-6628-01A-11D-1835-10	18	724	9	1181	11
TCGA-J2-8192-01A-11D-2238-08	18	16	19	5	16
TCGA-J2-8194-01A-11D-2238-08	116	25	0	0	17
TCGA-J2-A4AD-01A-11D-A24D-08	119	11	8	30	177
TCGA-J2-A4AE-01A-21D-A24D-08	0	16	0	13	27
TCGA-J2-A4AG-01A-11D-A24D-08	60	9	0	0	12
TCGA-L4-A4E5-01A-11D-A24P-08	326	14	0	0	23
TCGA-L4-A4E6-01A-11D-A24D-08	6	0	0	0	2
TCGA-L9-A443-01A-12D-A24D-08	229	0	0	0	26
TCGA-L9-A50W-01A-12D-A397-08	9	2	2	4	16
TCGA-L9-A5IP-01A-21D-A397-08	242	1	9	24	26
TCGA-L9-A743-01A-43D-A397-08	52	0	13	0	56
TCGA-L9-A7SV-01A-11D-A397-08	1623	2	19	43	50
TCGA-L9-A8F4-01A-11D-A397-08	689	21	9	11	90
TCGA-MN-A4N1-01A-11D-A24P-08	384	27	16	5	40
TCGA-MN-A4N4-01A-12D-A24P-08	1021	6	64	33	404
TCGA-MN-A4N5-01A-11D-A24P-08	363	0	0	52	61
TCGA-MP-A4SV-01A-11D-A24P-08	156	2	17	36	142
TCGA-MP-A4SW-01A-21D-A24P-08	20	28	0	0	19
TCGA-MP-A4SY-01A-21D-A24P-08	92	9	6	6	43
TCGA-MP-A4T2-01A-11D-A24P-08	24	0	0	27	37
TCGA-MP-A4T4-01A-11D-A25L-08	316	7	7	32	39
TCGA-MP-A4T6-01A-32D-A25L-08	12	19	10	2	35
TCGA-MP-A4T7-01A-11D-A24P-08	116	10	6	3	6
TCGA-MP-A4T8-01A-11D-A24P-08	85	10	1	4	14
TCGA-MP-A4T9-01A-11D-A24P-08	14	3	4	6	8
TCGA-MP-A4TA-01A-21D-A24P-08	262	0	0	66	42
TCGA-MP-A4TC-01A-11D-A24P-08	210	0	0	25	36
TCGA-MP-A4TD-01A-32D-A25L-08	57	8	0	11	8
TCGA-MP-A4TE-01A-22D-A25L-08	91	37	3	6	7
TCGA-MP-A4TF-01A-11D-A25L-08	362	11	5	21	36
TCGA-MP-A4TH-01A-31D-A25L-08	73	11	6	13	10
TCGA-MP-A4TK-01A-11D-A24P-08	284	7	5	6	65
TCGA-MP-A5C7-01A-11D-A25L-08	39	12	8	10	6
TCGA-NH-A50T-01A-11D-A28G-10	0	119	29	0	0
TCGA-NH-A50V-01A-11D-A28G-10	30	116	8	12	4
TCGA-NH-A5IV-01A-42D-A36X-10	0	1136	0	1146	0
TCGA-NH-A6GB-01A-11D-A36X-10	34	102	10	7	13
TCGA-NH-A8F7-01A-11D-A40P-10	35	74	12	0	10
TCGA-NH-A8F7-06A-31D-A40P-10	0	79	20	0	11
TCGA-NH-A8F8-01A-72D-A40P-10	34	71	0	0	0
TCGA-NJ-A4YF-01A-12D-A25L-08	601	0	0	0	44
TCGA-NJ-A4YG-01A-22D-A25L-08	69	19	13	7	50
TCGA-NJ-A4YP-01A-11D-A25L-08	104	0	42	0	442
TCGA-NJ-A4YQ-01A-11D-A25L-08	1022	0	0	74	48
TCGA-NJ-A55R-01A-11D-A25L-08	218	0	14	31	20
TCGA-NJ-A7XG-01A-12D-A397-08	17	16	0	0	0
TCGA-O1-A52J-01A-11D-A25L-08	146	9	0	20	13
TCGA-QG-A5YV-01A-11D-A28G-10	33	100	12	12	14
TCGA-QG-A5YW-01A-11D-A28G-10	44	82	15	13	8
TCGA-QG-A5YX-01A-11D-A28G-10	17	79	0	0	0
TCGA-QG-A5Z1-01A-11D-A28G-10	8	68	15	11	1
TCGA-QG-A5Z2-01A-11D-A28G-10	32	496	22	487	2
TCGA-QL-A97D-01A-12D-A40P-10	51	108	29	35	11
TCGA-RU-A8FL-01A-11D-A36X-10	17	62	3	40	16
TCGA-S2-AA1A-01A-12D-A397-08	112	5	4	2	5
TCGA-SS-A7HO-01A-21D-A36X-10	57	115	0	0	0
TCGA-T9-A92H-01A-11D-A36X-10	60	84	3	22	17
